lat: 47.49586
lng: -121.784768
usegeoclue: false
